0110100101110100
0010000001110111
0110000101110011
0010000001110100
0110100001100101
0010000001100010
0110010101110011
0111010000100000
0110111101100110
0010000001110100
0110100101101101
0110010101110011
0010000001101001
0111010000100000
0111011101100001
0111001100100000
0111010001101000
0110010100100000
0111011101101111
0111001001110011
0111010000100000
0110111101100110
0010000001110100
0110100101101101
0110010101110011
0000101001101001
0111010000100000
0111011101100001
0111001100100000
0111010001101000
0110010100100000
0110000101100111
0110010100100000
0110111101100110
0010000001110111
0110100101110011
0110010001101111
0110110100100000
0110100101110100
0010000001110111
0110000101110011
0010000001110100
0110100001100101
0010000001100001
0110011101100101
0010000001101111
0110011000100000
0110011001101111
0110111101101100
0110100101110011
0110100001101110
0110010101110011
0111001100001010
0110100101110100
0010000001110111
0110000101110011
0010000001110100
0110100001100101
0010000001100101
0111000001101111
0110001101101000
0010000001101111
0110011000100000
0110001001100101
0110110001101001
0110010101100110
0010000001101001
0111010000100000
0111011101100001
0111001100100000
0111010001101000
0110010100100000
0110010101110000
0110111101100011
0110100000100000
0110111101100110
0010000001101001
0110111001100011
0111001001100101
0110010001110101
0110110001101001
0111010001111001
0000101001101001
0111010000100000
0111011101100001
0111001100100000
0111010001101000
0110010100100000
0111001101100101
0110000101110011
0110111101101110
0010000001101111
0110011000100000
0110110001101001
0110011101101000
0111010000100000
0110100101110100
0010000001110111
0110000101110011
0010000001110100
0110100001100101
0010000001110011
0110010101100001
0111001101101111
0110111000100000
0110111101100110
0010000001100100
0110000101110010
0110101101101110
0110010101110011
0111001100001010
0110100101110100
0010000001110111
0110000101110011
0010000001110100
0110100001100101
0010000001110011
0111000001110010
0110100101101110
0110011100100000
0110111101100110
0010000001101000
0110111101110000
0110010100100000
0110100101110100
0010000001110111
0110000101110011
0010000001110100
0110100001100101
0010000001110111
0110100101101110
0111010001100101
0111001000100000
0110111101100110
0010000001100100
0110010101110011
0111000001100001
0110100101110010
0000101001110111
0110010100100000
0110100001100001
0110010000100000
0110010101110110
0110010101110010
0111100101110100
0110100001101001
0110111001100111
0010000001100010
0110010101100110
0110111101110010
0110010100100000
0111010101110011
0010000001110111
0110010100100000
0110100001100001
0110010000100000
0110111001101111
0111010001101000
0110100101101110
0110011100100000
0110001001100101
0110011001101111
0111001001100101
0010000001110101
0111001100001010
0111011101100101
0010000001110111
0110010101110010
0110010100100000
0110000101101100
0110110000100000
0110011101101111
0110100101101110
0110011100100000
0110010001101001
0111001001100101
0110001101110100
0010000001110100
0110111100100000
0110100001100101
0110000101110110
0110010101101110
0010000001110111
0110010100100000
0111011101100101
0111001001100101
0010000001100001
0110110001101100
0010000001100111
0110111101101001
0110111001100111
0010000001100100
0110100101110010
0110010101100011
0111010000001010
0111010001101000
0110010100100000
0110111101110100
0110100001100101
0111001000100000
0111011101100001
0111100101101001
0110111000100000
0111001101101000
0110111101110010
0111010000100000
0111010001101000
0110010100100000
0111000001100101
0111001001101001
0110111101100100
0010000001110111
0110000101110011
0010000001110011
0110111100100000
0110011001100001
0111001000100000
0110110001101001
0110101101100101
0010000001110100
0110100001100101
0010000001110000
0111001001100101
0111001101100101
0110111001110100
0000101001110000
0110010101110010
0110100101101111
0110010000100000
0111010001101000
0110000101110100
0010000001110011
0110111101101101
0110010100100000
0110111101100110
0010000001101001
0111010001110011
0010000001101110
0110111101101001
0111001101101001
0110010101110011
0111010000100000
0110000101110101
0111010001101000
0110111101110010
0110100101110100
0110100101100101
0111001100100000
0110100101101110
0111001101101001
0111001101110100
0110010101100100
0010000001101111
0110111000100000
0110100101110100
0111001100001010
0110001001100101
0110100101101110
0110011100100000
0111001001100101
0110001101100101
0110100101110110
0110010101100100
0010000001100110
0110111101110010
0010000001100111
0110111101101111
0110010000100000
0110111101110010
0010000001100110
0110111101110010
0010000001100101
0111011001101001
0110110000100000
0110100101101110
0010000001110100
0110100001100101
0010000001110011
0111010101110000
0110010101110010
0110110001100001
0111010001101001
0111011001100101
0010000001100100
0110010101100111
0111001001100101
0110010100001010
0110111101100110
0010000001100011
0110111101101101
0111000001100001
0111001001101001
0111001101101111
0110111000100000
0110111101101110
0110110001111001
0000101000001010
0111010001101000
0110010101110010
0110010100100000
0111011101100101
0111001001100101
0010000001100001
0010000001101011
0110100101101110
0110011100100000
0111011101101001
0111010001101000
0010000001100001
0010000001101100
0110000101110010
0110011101100101
0010000001101010
0110000101110111
0010000001100001
0110111001100100
0010000001100001
0010000001110001
0111010101100101
0110010101101110
0010000001110111
0110100101110100
0110100000100000
0110000100100000
0111000001101100
0110000101101001
0110111000100000
0110011001100001
0110001101100101
0000101001101111
0110111000100000
0111010001101000
0110010100100000
0111010001101000
0111001001101111
0110111001100101
0010000001101111
0110011000100000
0110010101101110
0110011101101100
0110000101101110
0110010000100000
0111010001101000
0110010101110010
0110010100100000
0111011101100101
0111001001100101
0010000001100001
0010000001101011
0110100101101110
0110011100100000
0111011101101001
0111010001101000
0010000001100001
0010000001101100
0110000101110010
0110011101100101
0010000001101010
0110000101110111
0010000001100001
0110111001100100
0000101001100001
0010000001110001
0111010101100101
0110010101101110
0010000001110111
0110100101110100
0110100000100000
0110000100100000
0110011001100001
0110100101110010
0010000001100110
0110000101100011
0110010100100000
0110111101101110
0010000001110100
0110100001100101
0010000001110100
0110100001110010
0110111101101110
0110010100100000
0110111101100110
0010000001100110
0111001001100001
0110111001100011
0110010100100000
0010000001101001
0110111000100000
0110001001101111
0111010001101000
0000101001100011
0110111101110101
0110111001110100
0111001001101001
0110010101110011
0010000001101001
0111010000100000
0111011101100001
0111001100100000
0110001101101100
0110010101100001
0111001001100101
0111001000100000
0111010001101000
0110000101101110
0010000001100011
0111001001111001
0111001101110100
0110000101101100
0010000001110100
0110111100100000
0111010001101000
0110010100100000
0110110001101111
0111001001100100
0111001100100000
0110111101100110
0010000001110100
0110100001100101
0010000001110011
0111010001100001
0111010001100101
0000101001110000
0111001001100101
0111001101100101
0111001001110110
0110010101110011
0010000001101111
0110011000100000
0110110001101111
0110000101110110
0110010101110011
0010000001100001
0110111001100100
0010000001100110
0110100101110011
0110100001100101
0111001100100000
0111010001101000
0110000101110100
0010000001110100
0110100001101001
0110111001100111
0111001100100000
0110100101101110
0010000001100111
0110010101101110
0110010101110010
0110000101101100
0010000001110111
0110010101110010
0110010100001010
0111001101100101
0111010001110100
0110110001100101
0110010000100000
0110011001101111
0111001000100000
0110010101110110
0110010101110010
0000101000001010
0110100101110100
0010000001110111
0110000101110011
0010000001110100
0110100001100101
0010000001111001
0110010101100001
0111001000100000
0110111101100110
0010000001101111
0111010101110010
0010000001101100
0110111101110010
0110010000100000
0110111101101110
0110010100100000
0111010001101000
0110111101110101
0111001101100001
0110111001100100
0010000001110011
0110010101110110
0110010101101110
0010000001101000
0111010101101110
0110010001110010
0110010101100100
0010000001100001
0110111001100100
0000101001110011
0110010101110110
0110010101101110
0111010001111001
0110011001101001
0111011001100101
0010000000100000
0111001101110000
0110100101110010
0110100101110100
0111010101100001
0110110000100000
0111001001100101
0111011001100101
0110110001100001
0111010001101001
0110111101101110
0111001100100000
0111011101100101
0111001001100101
0010000001100011
0110111101101110
0110001101100101
0110010001100101
0110010000100000
0111010001101111
0010000001100101
0110111001100111
0110110001100001
0110111001100100
0010000001100001
0111010000001010
0111010001101000
0110000101110100
0010000001100110
0110000101110110
0110111101110101
0111001001100101
0110010000100000
0111000001100101
0111001001101001
0110111101100100
0010000001100001
0111001100100000
0110000101110100
0010000001110100
0110100001101001
0111001100100000
0010000001101101
0111001001110011
0010000001110011
0110111101110101
0111010001101000
0110001101101111
0111010001110100
0010000001101000
0110000101100100
0010000001110010
0110010101100011
0110010101101110
0111010001101100
0111100100001010
0110000101110100
0111010001100001
0110100101101110
0110010101100100
0010000001101000
0110010101110010
0010000001100110
0110100101110110
0110010101100001
0110111001100100
0111010001110111
0110010101101110
0111010001101001
0110010101110100
0110100000100000
0110001001101100
0110010101110011
0111001101100101
0110010000100000
0110001001101001
0111001001110100
0110100001100100
0110000101111001
0010000001101111
0110011000100000
0111011101101000
0110111101101101
0010000001100001
0000101001110000
0111001001101111
0111000001101000
0110010101110100
0110100101100011
0010000001110000
0111001001101001
0111011001100001
0111010001100101
0010000001101001
0110111000100000
0111010001101000
0110010100100000
0110110001101001
0110011001100101
0010000001100111
0111010101100001
0111001001100100
0111001100100000
0110100001100001
0110010000100000
0110100001100101
0111001001100001
0110110001100100
0110010101100100
0010000001110100
0110100001100101
0010000001110011
0111010101100010
0110110001101001
0110110101100101
0000101001100001
0111000001110000
0110010101100001
0111001001100001
0110111001100011
0110010100100000
0110001001111001
0010000001100001
0110111001101110
0110111101110101
0110111001100011
0110100101101110
0110011100100000
0111010001101000
0110000101110100
0010000001100001
0111001001110010
0110000101101110
0110011101100101
0110110101100101
0110111001110100
0111001100100000
0111011101100101
0111001001100101
0010000001101101
0110000101100100
0110010100100000
0110011001101111
0111001000100000
0111010001101000
0110010100001010
0111001101110111
0110000101101100
0110110001101111
0111011101101001
0110111001100111
0010000001110101
0111000000100000
0110111101100110
0010000001101100
0110111101101110
0110010001101111
0110111000100000
0110000101101110
0110010000100000
0111011101100101
0111001101110100
0110110101101001
0110111001110011
0111010001100101
0111001000100000
0010000001100101
0111011001100101
0110111000100000
0111010001101000
0110010100100000
0110001101101111
0110001101101011
0110110001100001
0110111001100101
0000101001100111
0110100001101111
0111001101110100
0010000001101000
0110000101100100
0010000001100010
0110010101100101
0110111000100000
0110110001100001
0110100101100100
0010000001101111
0110111001101100
0111100100100000
0110000100100000
0111001001101111
0111010101101110
0110010000100000
0110010001101111
0111101001100101
0110111000100000
0110111101100110
0010000001111001
0110010101100001
0111001001110011
0010000001100001
0110011001110100
0110010101110010
0010000001110010
0110000101110000
0111000001101001
0110111001100111
0000101001101111
0111010101110100
0010000001101001
0111010001110011
0010000001101101
0110010101110011
0111001101100001
0110011101100101
0111001100100000
0110000101110011
0010000001110100
0110100001100101
0010000001110011
0111000001101001
0111001001101001
0111010001110011
0010000001101111
0110011000100000
0111010001101000
0110100101110011
0010000001110110
0110010101110010
0111100100100000
0111100101100101
0110000101110010
0010000001101100
0110000101110011
0111010000100000
0111000001100001
0111001101110100
0000101001110011
0111010101110000
0110010101110010
0110111001100001
0111010001110101
0111001001100001
0110110001101100
0111100100100000
0110010001100101
0110011001101001
0110001101101001
0110010101101110
0111010000100000
0110100101101110
0010000001101111
0111001001101001
0110011101101001
0110111001100001
0110110001101001
0111010001111001
0010000001110010
0110000101110000
0111000001100101
0110010000100000
0110111101110101
0111010000100000
0111010001101000
0110010101101001
0111001001110011
0000101001101101
0110010101110010
0110010100100000
0110110101100101
0111001101110011
0110000101100111
0110010101110011
0010000001101001
0110111000100000
0111010001101000
0110010100100000
0110010101100001
0111001001110100
0110100001101100
0111100100100000
0110111101110010
0110010001100101
0111001000100000
0110111101100110
0010000001100101
0111011001100101
0110111001110100
0111001100100000
0110100001100001
0110010000100000
0110110001100001
0111010001100101
0110110001111001
0010000001100011
0110111101101101
0110010100100000
0111010001101111
0000101001110100
0110100001100101
0010000001100101
0110111001100111
0110110001101001
0111001101101000
0010000001100011
0111001001101111
0111011101101110
0010000001100001
0110111001100100
0010000001110000
0110010101101111
0111000001101100
0110010100100000
0110011001110010
0110111101101101
0010000001100001
0010000001100011
0110111101101110
0110011101110010
0110010101110011
0111001100100000
0110111101100110
0010000001100010
0111001001101001
0111010001101001
0111001101101000
0010000001110011
0111010101100010
0110101001100101
0110001101110100
0111001100001010
0110100101101110
0010000001100001
0110110101100101
0111001001101001
0110001101100001
0010000000100000
0111011101101000
0110100101100011
0110100000100000
0111001101110100
0111001001100001
0110111001100111
0110010100100000
0111010001101111
0010000001110010
0110010101101100
0110000101110100
0110010100100000
0110100001100001
0111011001100101
0010000001110000
0111001001101111
0111011001100101
0110010000100000
0110110101101111
0111001001100101
0010000001101001
0110110101110000
0110111101110010
0111010001100001
0110111001110100
0000101001110100
0110111100100000
0111010001101000
0110010100100000
0110100001110101
0110110101100001
0110111000100000
0111001001100001
0110001101100101
0010000001110100
0110100001100001
0110111000100000
0110000101101110
0111100100100000
0110001101101111
0110110101101101
0111010101101110
0110100101100011
0110000101110100
0110100101101111
0110111001110011
0010000001111001
0110010101110100
0010000001110010
0110010101100011
0110010101101001
0111011001100101
0110010000100000
0111010001101000
0111001001101111
0111010101100111
0110100000001010
0110000101101110
0111100100100000
0110111101100110
0010000001110100
0110100001100101
0010000001100011
0110100001101001
0110001101101011
0110010101101110
0111001100100000
0110111101100110
0010000001110100
0110100001100101
0010000001100011
0110111101100011
0110101101101100
0110000101101110
0110010100100000
0110001001110010
0110111101101111
0110010000001010
0000101001100110
0111001001100001
0110111001100011
0110010100100000
0110110001100101
0111001101110011
0010000001100110
0110000101110110
0110111101110101
0111001001100101
0110010000100000
0110111101101110
0010000001110100
0110100001100101
0010000001110111
0110100001101111
0110110001100101
0010000001100001
0111001100100000
0111010001101111
0010000001101101
0110000101110100
0111010001100101
0111001001110011
0010000001110011
0111000001101001
0111001001101001
0111010001110101
0110000101101100
0010000001110100
0110100001100001
0110111000001010
0110100001100101
0111001000100000
0111001101101001
0111001101110100
0110010101110010
0010000001101111
0110011000100000
0111010001101000
0110010100100000
0111001101101000
0110100101100101
0110110001100100
0010000001100001
0110111001100100
0010000001110100
0111001001101001
0110010001100101
0110111001110100
0010000001110010
0110111101101100
0110110001100101
0110010000100000
0111011101101001
0111010001101000
0010000001100101
0111100001100011
0110010101100101
0110010001101001
0110111001100111
0000101001110011
0110110101101111
0110111101110100
0110100001101110
0110010101110011
0111001100100000
0110010001101111
0111011101101110
0010000001101000
0110100101101100
0110110000100000
0110110101100001
0110101101101001
0110111001100111
0010000001110000
0110000101110000
0110010101110010
0010000001101101
0110111101101110
0110010101111001
0010000001100001
0110111001100100
0010000001110011
0111000001100101
0110111001100100
0110100101101110
0110011100100000
0110100101110100
0000101001110101
0110111001100100
0110010101110010
0010000001110100
0110100001100101
0010000001100111
0111010101101001
0110010001100001
0110111001100011
0110010100100000
0110111101100110
0010000001101000
0110010101110010
0010000001100011
0110100001110010
0110100101110011
0111010001101001
0110000101101110
0010000001110000
0110000101110011
0111010001101111
0111001001110011
0010000001110011
0110100001100101
0010000001100101
0110111001110100
0110010101110010
0111010001100001
0110100101101110
0110010101100100
0000101001101000
0110010101110010
0111001101100101
0110110001100110
0010000001100010
0110010101110011
0110100101100100
0110010101110011
0010000001110111
0110100101110100
0110100000100000
0111001101110101
0110001101101000
0010000001101000
0111010101101101
0110000101101110
0110010100100000
0110000101100011
0110100001101001
0110010101110110
0110010101101101
0110010101101110
0111010001110011
0010000001100001
0111001100100000
0111001101100101
0110111001110100
0110010101101110
0110001101101001
0110111001100111
0000101001100001
0010000001111001
0110111101110101
0111010001101000
0010000001110100
0110111100100000
0110100001100001
0111011001100101
0010000001101000
0110100101110011
0010000001101000
0110000101101110
0110010001110011
0010000001100011
0111010101110100
0010000001101111
0110011001100110
0010000001101000
0110100101110011
0010000001110100
0110111101101110
0110011101110101
0110010100100000
0111010001101111
0111001001101110
0010000001101111
0111010101110100
0010000001110111
0110100101110100
0110100000001010
0111000001101001
0110111001100011
0110010101110010
0111001100100000
0110000101101110
0110010000100000
0110100001101001
0111001100100000
0110001001101111
0110010001111001
0010000001100010
0111010101110010
0110111001100101
0110010000100000
0110000101101100
0110100101110110
0110010100100000
0110001001100101
0110001101100001
0111010101110011
0110010100100000
0110100001100101
0010000001101000
0110000101100100
0010000001101110
0110111101110100
0010000001101011
0110111001100101
0110010101101100
0110010101100100
0000101001100100
0110111101110111
0110111000100000
0110100101101110
0010000001110100
0110100001100101
0010000001110010
0110000101101001
0110111000100000
0111010001101111
0010000001100100
0110111100100000
0110100001101111
0110111001101111
0111010101110010
0010000001110100
0110111100100000
0110000100100000
0110010001101001
0111001001110100
0111100100100000
0111000001110010
0110111101100011
0110010101110011
0111001101101001
0110111101101110
0010000001101111
0110011000100000
0110110101101111
0110111001101011
0111001100001010
0111011101101000
0110100101100011
0110100000100000
0111000001100001
0111001101110011
0110010101100100
0010000001110111
0110100101110100
0110100001101001
0110111000100000
0110100001101001
0111001100100000
0111011001101001
0110010101110111
0010000001100001
0111010000100000
0110000100100000
0110010001101001
0111001101110100
0110000101101110
0110001101100101
0010000001101111
0110011000100000
0111001101101111
0110110101100101
0010000001100110
0110100101100110
0111010001111001
0010000001101111
0111001000001010
0111001101101001
0111100001110100
0111100100100000
0111100101100001
0111001001100100
0111001100100000
0010000001101001
0111010000100000
0110100101110011
0010000001101100
0110100101101011
0110010101101100
0111100100100000
0110010101101110
0110111101110101
0110011101101000
0010000001110100
0110100001100001
0111010000100000
0111001001101111
0110111101110100
0110010101100100
0010000001101001
0110111000100000
0111010001101000
0110010100100000
0111011101101111
0110111101100100
0111001100100000
0110111101100110
0000101001100110
0111001001100001
0110111001100011
0110010100100000
0110000101101110
0110010000100000
0110111001101111
0111001001110111
0110000101111001
0010000001110100
0110100001100101
0111001001100101
0010000001110111
0110010101110010
0110010100100000
0110011101110010
0110111101110111
0110100101101110
0110011100100000
0111010001110010
0110010101100101
0111001100100000
0111011101101000
0110010101101110
0010000001110100
0110100001100001
0111010000100000
0111001101110101
0110011001100110
0110010101110010
0110010101110010
0000101001110111
0110000101110011
0010000001110000
0111010101110100
0010000001110100
0110111100100000
0110010001100101
0110000101110100
0110100000100000
0110000101101100
0111001001100101
0110000101100100
0111100100100000
0110110101100001
0111001001101011
0110010101100100
0010000001100010
0111100100100000
0111010001101000
0110010100100000
0111011101101111
0110111101100100
0110110101100001
0110111000100000
0110011001100001
0111010001100101
0010000001110100
0110111100100000
0110001101101111
0110110101100101
0000101001100100
0110111101110111
0110111000100000
0110000101101110
0110010000100000
0110001001100101
0010000001110011
0110000101110111
0110111000100000
0110100101101110
0111010001101111
0010000001100010
0110111101100001
0111001001100100
0111001100100000
0111010001101111
0010000001101101
0110000101101011
0110010100100000
0110000100100000
0110001101100101
0111001001110100
0110000101101001
0110111000100000
0110110101101111
0111011001100001
0110001001101100
0110010100100000
0110011001110010
0110000101101101
0110010101110111
0110111101110010
0110101100001010
0111011101101001
0111010001101000
0010000001100001
0010000001110011
0110000101100011
0110101100100000
0110000101101110
0110010000100000
0110000100100000
0110101101101110
0110100101100110
0110010100100000
0110100101101110
0010000001101001
0111010000100000
0111010001100101
0111001001110010
0110100101100010
0110110001100101
0010000001101001
0110111000100000
0110100001101001
0111001101110100
0110111101110010
0111100100100000
0010000001101001
0111010000100000
0110100101110011
0010000001101100
0110100101101011
0110010101101100
0111100100001010
0110010101101110
0110111101110101
0110011101101000
0010000001110100
0110100001100001
0111010000100000
0110100101101110
0010000001110100
0110100001100101
0010000001110010
0110111101110101
0110011101101000
0010000001101111
0111010101110100
0110100001101111
0111010101110011
0110010101110011
0010000001101111
0110011000100000
0111001101101111
0110110101100101
0010000001110100
0110100101101100
0110110001100101
0111001001110011
0010000001101111
0110011000100000
0111010001101000
0110010100100000
0110100001100101
0110000101110110
0111100100001010
0110110001100001
0110111001100100
0111001100100000
0110000101100100
0110101001100001
0110001101100101
0110111001110100
0010000001110100
0110111100100000
0111000001100001
0111001001101001
0111001100100000
0111010001101000
0110010101110010
0110010100100000
0111011101100101
0111001001100101
0010000001110011
0110100001100101
0110110001110100
0110010101110010
0110010101100100
0010000001100110
0111001001101111
0110110100100000
0111010001101000
0110010100100000
0111011101100101
0110000101110100
0110100001100101
0111001000001010
0111010001101000
0110000101110100
0010000001110110
0110010101110010
0111100100100000
0110010001100001
0111100100100000
0111001001110101
0110010001100101
0010000001100011
0110000101110010
0111010001110011
0010000001100010
0110010101110011
0111000001100001
0111010001110100
0110010101110010
0110010101100100
0010000001110111
0110100101110100
0110100000100000
0111001001110101
0111001101110100
0110100101100011
0010000001101101
0110100101110010
0110010100100000
0111001101101110
0111010101100110
0110011001100101
0110010000001010
0110000101100010
0110111101110101
0111010000100000
0110001001111001
0010000001110000
0110100101100111
0111001100100000
0110000101101110
0110010000100000
0111001001101111
0110111101110011
0111010001100101
0110010000100000
0110100101101110
0010000001100010
0111100100100000
0111000001101111
0111010101101100
0111010001110010
0111100100100000
0111011101101000
0110100101100011
0110100000100000
0111010001101000
0110010100100000
0110011001100001
0111001001101101
0110010101110010
0010000001100100
0110010101100001
0111010001101000
0000101001101000
0110000101100100
0010000001100001
0110110001110010
0110010101100001
0110010001111001
0010000001110011
0110010101110100
0010000001100001
0111000001100001
0111001001110100
0010000001110100
0110111100100000
0110001001100101
0010000001101000
0110100101110011
0010000001110100
0111010101101101
0110001001110010
0110100101101100
0111001100100000
0110111101100110
0010000001110100
0110100001100101
0010000001110010
0110010101110110
0110111101101100
0111010101110100
0110100101101111
0110111000001010
0110001001110101
0111010000100000
0111010001101000
0110000101110100
0010000001110111
0110111101101111
0110010001101101
0110000101101110
0010000001100001
0110111001100100
0010000001110100
0110100001100001
0111010000100000
0110011001100001
0111001001101101
0110010101110010
0010000001110100
0110100001101111
0111010101100111
0110100000100000
0111010001101000
0110010101111001
0010000001110111
0110111101110010
0110101100100000
0111010101101110
0110001101100101
0110000101110011
0110100101101110
0110011101101100
0111100100001010
0111011101101111
0111001001101011
0010000001110011
0110100101101100
0110010101101110
0111010001101100
0111100100100000
0110000101101110
0110010000100000
0110111001101111
0010000001101111
0110111001100101
0010000001101000
0110010101100001
0111001001100100
0010000001110100
0110100001100101
0110110100100000
0110000101110011
0010000001110100
0110100001100101
0111100100100000
0111011101100101
0110111001110100
0010000001100001
0110001001101111
0111010101110100
0010000001110111
0110100101110100
0110100000001010
0110110101110101
0110011001100110
0110110001100101
0110010000100000
0111010001110010
0110010101100001
0110010000100000
0010000001110100
0110100001100101
0010000001110010
0110000101110100
0110100001100101
0111001000100000
0110011001101111
0111001001100001
0111001101101101
0111010101100011
0110100000100000
0110000101110011
0010000001110100
0110111100100000
0110010101101110
0111010001100101
0111001001110100
0110000101101001
0110111000100000
0110000101101110
0111100100100000
0111001101110101
0111001101110000
0110100101100011
0110100101101111
0110111000001010
0111010001101000
0110000101110100
0010000001110100
0110100001100101
0111100100100000
0111011101100101
0111001001100101
0010000001100001
0111011101100001
0110101101100101
0010000001110111
0110000101110011
0010000001110100
0110111100100000
0110001001100101
0010000001100001
0111010001101000
0110010101101001
0111001101110100
0110100101100011
0110000101101100
0010000001100001
0110111001100100
0010000001110100
0111001001100001
0110100101110100
0110111101110010
0110111101110101
0111001100001010
0000101001101001
0110111000100000
0110010101101110
0110011101101100
0110000101101110
0110010000100000
0111010001101000
0110010101110010
0110010100100000
0111011101100001
0111001100100000
0111001101100011
0110000101110010
0110001101100101
0110110001111001
0010000001100001
0110111000100000
0110000101101101
0110111101110101
0110111001110100
0010000001101111
0110011000100000
0110111101110010
0110010001100101
0111001000100000
0110000101101110
0110010000100000
0111000001110010
0110111101110100
0110010101100011
0111010001101001
0110111101101110
0000101001110100
0110111100100000
0110101001110101
0111001101110100
0110100101100110
0111100100100000
0110110101110101
0110001101101000
0010000001101110
0110000101110100
0110100101101111
0110111001100001
0110110000100000
0110001001101111
0110000101110011
0111010001101001
0110111001100111
0010000000100000
0110010001100001
0111001001101001
0110111001100111
0010000001100010
0111010101110010
0110011101101100
0110000101110010
0110100101100101
0111001100100000
0110001001111001
0010000001100001
0111001001101101
0110010101100100
0000101001101101
0110010101101110
0010000001100001
0110111001100100
0010000001101000
0110100101100111
0110100001110111
0110000101111001
0010000001110010
0110111101100010
0110001001100101
0111001001101001
0110010101110011
0010000001110100
0110111101101111
0110101100100000
0111000001101100
0110000101100011
0110010100100000
0110100101101110
0010000001110100
0110100001100101
0010000001100011
0110000101110000
0110100101110100
0110000101101100
0010000001101001
0111010001110011
0110010101101100
0110011000001010
0110010101110110
0110010101110010
0111100100100000
0110111001101001
0110011101101000
0111010000100000
0110011001100001
0110110101101001
0110110001101001
0110010101110011
0010000001110111
0110010101110010
0110010100100000
0111000001110101
0110001001101100
0110100101100011
0110110001111001
0010000001100011
0110000101110101
0111010001101001
0110111101101110
0110010101100100
0010000001101110
0110111101110100
0010000001110100
0110111100100000
0110011101101111
0010000001101111
0111010101110100
0010000001101111
0110011000001010
0111010001101111
0111011101101110
0010000001110111
0110100101110100
0110100001101111
0111010101110100
0010000001110010
0110010101101101
0110111101110110
0110100101101110
0110011100100000
0111010001101000
0110010101101001
0111001000100000
0110011001110101
0111001001101110
0110100101110100
0111010101110010
0110010100100000
0111010001101111
0010000001110101
0111000001101000
0110111101101100
0111001101110100
0110010101110010
0110010101110010
0111001100100000
0111011101100001
0111001001100101
0110100001101111
0111010101110011
0110010101110011
0000101001100110
0110111101110010
0010000001110011
0110010101100011
0111010101110010
0110100101110100
0111100100100000
0111010001101000
0110010100100000
0110100001101001
0110011101101000
0111011101100001
0111100101101101
0110000101101110
0010000001101001
0110111000100000
0111010001101000
0110010100100000
0110010001100001
0111001001101011
0010000001110111
0110000101110011
0010000001100001
0010000001100011
0110100101110100
0111100100100000
0111010001110010
0110000101100100
0110010101110011
0110110101100001
0110111000100000
0110100101101110
0000101001110100
0110100001100101
0010000001101100
0110100101100111
0110100001110100
0010000001100001
0110111001100100
0010000001100010
0110010101101001
0110111001100111
0010000001110010
0110010101100011
0110111101100111
0110111001101001
0111001101100101
0110010000100000
0110000101101110
0110010000100000
0110001101101000
0110000101101100
0110110001100101
0110111001100111
0110010101100100
0010000001100010
0111100100100000
0110100001101001
0111001100100000
0110011001100101
0110110001101100
0110111101110111
0000101001110100
0111001001100001
0110010001100101
0111001101101101
0110000101101110
0010000001110111
0110100001101111
0110110100100000
0110100001100101
0010000001110011
0111010001101111
0111000001110000
0110010101100100
0010000001101001
0110111000100000
0110100001101001
0111001100100000
0110001101101000
0110000101110010
0110000101100011
0111010001100101
0111001000100000
0110111101100110
0010000001110100
0110100001100101
0010000001100011
0110000101110000
0111010001100001
0110100101101110
0000101001100111
0110000101101100
0110110001100001
0110111001110100
0110110001111001
0010000001110011
0110100001101111
0111010000100000
0110100001101001
0110110100100000
0111010001101000
0111001001101111
0111010101100111
0110100000100000
0111010001101000
0110010100100000
0110100001100101
0110000101100100
0010000001100001
0110111001100100
0010000001110010
0110111101100100
0110010100100000
0110000101110111
0110000101111001
0010000001110100
0110100001100101
0010000001101101
0110000101101001
0110110000100000
0111011101100001
0111001100001010
0111011101100001
0111100101101100
0110000101101001
0110010000100000
0110001001111001
0010000001110011
0110010101110110
0110010101101110
0010000001110010
0110111101100010
0110001001100101
0111001001110011
0010000001100001
0110111001100100
0010000001110100
0110100001100101
0010000001100111
0111010101100001
0111001001100100
0010000001110011
0110100001101111
0111010000100000
0111010001101000
0111001001100101
0110010100100000
0110010001100101
0110000101100100
0010000001100001
0110111001100100
0010000001110100
0110100001100101
0110111000001010
0110011101101111
0111010000100000
0111001101101000
0110111101110100
0010000001100100
0110010101100001
0110010000100000
0110100001101001
0110110101110011
0110010101101100
0110011000100000
0110001001111001
0010000001110100
0110100001100101
0010000001101111
0111010001101000
0110010101110010
0010000001100110
0110111101110101
0111001000100000
0110100101101110
0010000001100011
0110111101101110
0111001101100101
0111000101110101
0110010101101110
0110001101100101
0010000001101111
0110011000100000
0111010001101000
0110010100001010
0110011001100001
0110100101101100
0111010101110010
0110010100100000
0110111101100110
0010000001101000
0110100101110011
0010000001100001
0110110101101101
0111010101101110
0110100101110100
0110100101101111
0110111000100000
0110000101100110
0111010001100101
0111001000100000
0111011101101000
0110100101100011
0110100000100000
0111010001101000
0110010100100000
0110110101100001
0110100101101100
0010000001110111
0110000101110011
0010000001110010
0110111101100010
0110001001100101
0110010000100000
0110100101101110
0000101001110000
0110010101100001
0110001101100101
0010000001110100
0110100001100001
0111010000100000
0110110101100001
0110011101101110
0110100101100110
0110100101100011
0110010101101110
0111010000100000
0111000001101111
0111010001100101
0110111001110100
0110000101110100
0110010100100000
0111010001101000
0110010100100000
0110110001101111
0111001001100100
0010000001101101
0110000101111001
0110111101110010
0010000001101111
0110011000100000
0110110001101111
0110111001100100
0110111101101110
0010000001110111
0110000101110011
0000101001101101
0110000101100100
0110010100100000
0111010001101111
0010000001110011
0111010001100001
0110111001100100
0010000001100001
0110111001100100
0010000001100100
0110010101101100
0110100101110110
0110010101110010
0010000001101111
0110111000100000
0111010001110101
0111001001101110
0110100001100001
0110110100100000
0110011101110010
0110010101100101
0110111000100000
0110001001111001
0010000001101111
0110111001100101
0010000001101000
0110100101100111
0110100001110111
0110000101111001
0110110101100001
0110111000001010
0111011101101000
0110111100100000
0110010001100101
0111001101110000
0110111101101001
0110110001100101
0110010000100000
0111010001101000
0110010100100000
0110100101101100
0110110001110101
0111001101110100
0111001001101001
0110111101110101
0111001100100000
0110001101110010
0110010101100001
0111010001110101
0111001001100101
0010000001101001
0110111000100000
0111001101101001
0110011101101000
0111010000100000
0110111101100110
0010000001100001
0110110001101100
0010000001101000
0110100101110011
0000101001110010
0110010101110100
0110100101101110
0111010101100101
0010000001110000
0111001001101001
0111001101101111
0110111001100101
0111001001110011
0010000001101001
0110111000100000
0110110001101111
0110111001100100
0110111101101110
0010000001100111
0110000101101111
0110110001110011
0010000001100110
0110111101110101
0110011101101000
0111010000100000
0110001001100001
0111010001110100
0110110001100101
0111001100100000
0111011101101001
0111010001101000
0010000001110100
0110100001100101
0110100101110010
0000101001110100
0111010101110010
0110111001101011
0110010101111001
0111001100100000
0110000101101110
0110010000100000
0111010001101000
0110010100100000
0110110101100001
0110101001100101
0111001101110100
0111100100100000
0110111101100110
0010000001110100
0110100001100101
0010000001101100
0110000101110111
0010000001100110
0110100101110010
0110010101100100
0010000001100010
0110110001110101
0110111001100100
0110010101110010
0110001001110101
0111001101110011
0110010101110011
0010000001101001
0110111000100000
0110000101101101
0110111101101110
0110011100001010
0111010001101000
0110010101101101
0010000001101100
0110111101100001
0110010001100101
0110010000100000
0111011101101001
0111010001101000
0010000001110010
0110111101110101
0110111001100100
0111001100100000
0110111101100110
0010000001110011
0110100001101111
0111010000100000
0110000101101110
0110010000100000
0110001001100001
0110110001101100
0010000001110100
0110100001101001
0110010101110110
0110010101110011
0010000001110011
0110111001101001
0111000001110000
0110010101100100
0010000001101111
0110011001100110
0000101001100100
0110100101100001
0110110101101111
0110111001100100
0010000001100011
0111001001101111
0111001101110011
0110010101110011
0010000001100110
0111001001101111
0110110100100000
0111010001101000
0110010100100000
0110111001100101
0110001101101011
0111001100100000
0110111101100110
0010000001101110
0110111101100010
0110110001100101
0010000001101100
0110111101110010
0110010001110011
0010000001100001
0111010000100000
0110001101101111
0111010101110010
0111010000001010
0110010001110010
0110000101110111
0110100101101110
0110011101110010
0110111101101111
0110110101110011
0010000001101101
0111010101110011
0110101101100101
0111010001100101
0110010101110010
0111001100100000
0111011101100101
0110111001110100
0010000001101001
0110111001110100
0110111100100000
0111001101110100
0010000001100111
0110100101101100
0110010101110011
0111001100100000
0111010001101111
0010000001110011
0110010101100001
0111001001100011
0110100000100000
0110011001101111
0111001000001010
0110001101101111
0110111001110100
0111001001100001
0110001001100001
0110111001100100
0010000001100111
0110111101101111
0110010001110011
0010000001100001
0110111001100100
0010000001110100
0110100001100101
0010000001101101
0110111101100010
0010000001100110
0110100101110010
0110010101100100
0010000001101111
0110111000100000
0111010001101000
0110010100100000
0110110101110101
0111001101101011
0110010101110100
0110010101100101
0111001001110011
0010000001100001
0110111001100100
0010000001110100
0110100001100101
0000101001101101
0111010101110011
0110101101100101
0111010001100101
0110010101110010
0111001100100000
0110011001101001
0111001001100101
0110010000100000
0110111101101110
0010000001110100
0110100001100101
0010000001101101
0110111101100010
0010000001100001
0110111001100100
0010000001101110
0110111101100010
0110111101100100
0111100100100000
0111010001101000
0110111101110101
0110011101101000
0111010000100000
0110000101101110
0111100100100000
0110111101100110
0010000001110100
0110100001100101
0111001101100101
0000101001101111
0110001101100011
0111010101110010
0111001001100101
0110111001100011
0110010101110011
0010000001101101
0111010101100011
0110100000100000
0110111101110101
0111010000100000
0110111101100110
0010000001110100
0110100001100101
0010000001100011
0110111101101101
0110110101101111
0110111000100000
0111011101100001
0111100100100000
0010000001101001
0110111000100000
0111010001101000
0110010100100000
0110110101101001
0110010001110011
0111010000100000
0110111101100110
0010000001110100
0110100001100101
0110110100001010
0111010001101000
0110010100100000
0110100001100001
0110111001100111
0110110101100001
0110111000100000
0110010101110110
0110010101110010
0010000001100010
0111010101110011
0111100100100000
0110000101101110
0110010000100000
0110010101110110
0110010101110010
0010000001110111
0110111101110010
0111001101100101
0010000001110100
0110100001100001
0110111000100000
0111010101110011
0110010101101100
0110010101110011
0111001100100000
0111011101100001
0111001100100000
0110100101101110
0000101001100011
0110111101101110
0111001101110100
0110000101101110
0111010000100000
0111001001100101
0111000101110101
0110100101110011
0110100101110100
0110100101101111
0110111000100000
0110111001101111
0111011100100000
0111001101110100
0111001001101001
0110111001100111
0110100101101110
0110011100100000
0111010101110000
0010000001101100
0110111101101110
0110011100100000
0111001001101111
0111011101110011
0010000001101111
0110011000100000
0110110101101001
0111001101100011
0110010101101100
0110110001100001
0110111001100101
0110111101110101
0111001100001010
0110001101110010
0110100101101101
0110100101101110
0110000101101100
0111001100100000
0110111001101111
0111011100100000
0110100001100001
0110111001100111
0110100101101110
0110011100100000
0110000100100000
0110100001101111
0111010101110011
0110010101100010
0111001001100101
0110000101101011
0110010101110010
0010000001101111
0110111000100000
0111001101100001
0111010001110101
0111001001100100
0110000101111001
0010000001110111
0110100001101111
0010000001101000
0110000101100100
0010000001100010
0110010101100101
0110111000001010
0111010001100001
0110101101100101
0110111000100000
0110111101101110
0010000001110100
0111010101100101
0111001101100100
0110000101111001
0010000001101110
0110111101110111
0010000001100010
0111010101110010
0110111001101001
0110111001100111
0010000001110000
0110010101101111
0111000001101100
0110010100100000
0110100101101110
0010000001110100
0110100001100101
0010000001101000
0110000101101110
0110010000100000
0110000101110100
0010000001101110
0110010101110111
0110011101100001
0111010001100101
0010000001100010
0111100100001010
0111010001101000
0110010100100000
0110010001101111
0111101001100101
0110111000100000
0110000101101110
0110010000100000
0110111001101111
0111011100100000
0110001001110101
0111001001101110
0110100101101110
0110011100100000
0111000001100001
0110110101110000
0110100001101100
0110010101110100
0111001100100000
0110000101110100
0010000001110100
0110100001100101
0010000001100100
0110111101101111
0111001000100000
0110111101100110
0010000001110111
0110010101110011
0111010001101101
0110100101101110
0111001101110100
0110010101110010
0010000001101000
0110000101101100
0110110000001010
0111010001101111
0110010001100001
0111100100100000
0111010001100001
0110101101101001
0110111001100111
0010000001110100
0110100001100101
0010000001101100
0110100101100110
0110010100100000
0110111101100110
0010000001100001
0110111000100000
0110000101110100
0111001001101111
0110001101101001
0110111101110101
0111001100100000
0110110101110101
0111001001100100
0110010101110010
0110010101110010
0010000001100001
0110111001100100
0010000001110100
0110111101101101
0110111101110010
0111001001101111
0111011100100000
0110111101100110
0010000001100001
0000101001110111
0111001001100101
0111010001100011
0110100001100101
0110010000100000
0111000001101001
0110110001100110
0110010101110010
0110010101110010
0010000001110111
0110100001101111
0010000001101000
0110000101100100
0010000001110010
0110111101100010
0110001001100101
0110010000100000
0110000100100000
0110011001100001
0111001001101101
0110010101110010
0111001100100000
0110001001101111
0111100100100000
0110111101100110
0010000001110011
0110100101111000
0111000001100101
0110111001100011
0110010100001010
0000101001100001
0110110001101100
0010000001110100
0110100001100101
0111001101100101
0010000001110100
0110100001101001
0110111001100111
0111001100100000
0110000101101110
0110010000100000
0110000100100000
0111010001101000
0110111101110101
0111001101100001
0110111001100100
0010000001101100
0110100101101011
0110010100100000
0111010001101000
0110010101101101
0010000001100011
0110000101101101
0110010100100000
0111010001101111
0010000001110000
0110000101110011
0111001100100000
0110100101101110
0000101001100001
0110111001100100
0010000001100011
0110110001101111
0111001101100101
0010000001110101
0111000001101111
0110111000100000
0111010001101000
0110010100100000
0110010001100101
0110000101110010
0010000001101111
0110110001100100
0010000001111001
0110010101100001
0111001000100000
0110111101101110
0110010100100000
0111010001101000
0110111101110101
0111001101100001
0110111001100100
0010000001110011
0110010101110110
0110010101101110
0010000001101000
0111010101101110
0110010001110010
0110010101100100
0000101001100001
0110111001100100
0010000001110011
0110010101110110
0110010101101110
0111010001111001
0110011001101001
0111011001100101
0010000000100000
0110010101101110
0111011001101001
0111001001101111
0110111001100101
0110010000100000
0110001001111001
0010000001110100
0110100001100101
0110110100100000
0111011101101000
0110100101101100
0110010100100000
0111010001101000
0110010100100000
0111011101101111
0110111101100100
0110110101100001
0110111000100000
0110000101101110
0110010000100000
0111010001101000
0110010100001010
0110011001100001
0111001001101101
0110010101110010
0010000001110111
0110111101110010
0110101101100101
0110010000100000
0111010101101110
0110100001100101
0110010101100100
0110010101100100
0010000001110100
0110100001101111
0111001101100101
0010000001110100
0111011101101111
0010000001101111
0110011000100000
0111010001101000
0110010100100000
0110110001100001
0111001001100111
0110010100100000
0110101001100001
0111011101110011
0010000001100001
0110111001100100
0010000001110100
0110100001101111
0111001101100101
0000101001101111
0111010001101000
0110010101110010
0010000001110100
0111011101101111
0010000001101111
0110011000100000
0111010001101000
0110010100100000
0111000001101100
0110000101101001
0110111000100000
0110000101101110
0110010000100000
0111010001101000
0110010100100000
0110011001100001
0110100101110010
0010000001100110
0110000101100011
0110010101110011
0010000001110100
0111001001101111
0110010000100000
0111011101101001
0111010001101000
0010000001110011
0111010001101001
0111001000100000
0110010101101110
0110111101110101
0110011101101000
0000101001100001
0110111001100100
0010000001100011
0110000101110010
0111001001101001
0110010101100100
0010000001110100
0110100001100101
0110100101110010
0010000001100100
0110100101110110
0110100101101110
0110010100100000
0111001001101001
0110011101101000
0111010001110011
0010000001110111
0110100101110100
0110100000100000
0110000100100000
0110100001101001
0110011101101000
0010000001101000
0110000101101110
0110010000100000
0010000001110100
0110100001110101
0111001100100000
0110010001101001
0110010000100000
0111010001101000
0110010100001010
0111100101100101
0110000101110010
0010000001101111
0110111001100101
0010000001110100
0110100001101111
0111010101110011
0110000101101110
0110010000100000
0111001101100101
0111011001100101
0110111000100000
0110100001110101
0110111001100100
0111001001100101
0110010000100000
0110000101101110
0110010000100000
0111001101100101
0111011001100101
0110111001110100
0111100101100110
0110100101110110
0110010100100000
0110001101101111
0110111001100100
0111010101100011
0111010000100000
0111010001101000
0110010101101001
0111001000001010
0110011101110010
0110010101100001
0111010001101110
0110010101110011
0111001101100101
0111001100100000
0110000101101110
0110010000100000
0110110101111001
0111001001101001
0110000101100100
0111001100100000
0110111101100110
0010000001110011
0110110101100001
0110110001101100
0010000001100011
0111001001100101
0110000101110100
0111010101110010
0110010101110011
0111010001101000
0110010100100000
0110001101110010
0110010101100001
0111010001110101
0111001001100101
0111001100100000
0110111101100110
0010000001110100
0110100001101001
0111001100001010
0110001101101000
0111001001101111
0110111001101001
0110001101101100
0110010100100000
0110000101101101
0110111101101110
0110011100100000
0111010001101000
0110010100100000
0111001001100101
0111001101110100
0110000101101100
0110111101101110
0110011100100000
0111010001101000
0110010100100000
0111001001101111
0110000101100100
0111001100100000
0111010001101000
0110000101110100
0010000001101100
0110000101111001
0010000001100010
0110010101100110
0110111101110010
0110010100100000
0111010001101000
0110010101101101
0000101000001010
0000101000001010
45056 bits
