0000000000000000
0000000000000000
0000000000000000
0000000000000000
0000000000000001
1111110000000000
0000000000001111
1111111111100000
0000000000111100
0011111111100000
0000000011110000
0000011111100000
0000000111000000
0000001111100000
0000001111000000
0000001111100000
0000011110000000
0000001111100000
0000111100000000
0000001111100000
0000111100000000
0000001111100000
0001111000000000
0000001111100000
0001111000000000
0000001111100000
0011111000000000
0000001111100000
0011111000000000
0000001111100000
0011111000000000
0000001111100000
0011111000000000
0000001111100000
0011111000000000
0000001111100000
0011111000000000
0000001111100000
0011111000000000
0000001111100000
0011111000000000
0000001111100000
0011111100000000
0000001111100000
0011111100000000
0000001111100000
0001111110000000
0000001111100000
0001111110000000
0000001111100000
0000111111000000
0000001111100000
0000111111100000
0000001111100000
0000011111110000
0000001111100000
0000001111111100
0000011111100000
0000000111111111
1111111111100000
0000000001111111
1111001111100000
0000000000001111
1000001111100000
0000000000000000
0000001111100000
0000000000000000
0000001111100000
0000000000000000
0000001111100000
0000000000000000
0000001111100000
0000000000000000
0000001111100000
0000000000000000
0000001111100000
0000000000000000
0000001111100000
0000000000000000
0000001111100000
0000000000000000
0000001111100000
0000000000000000
0000001111100000
0000000000000000
0000001111100000
0000000000000000
0000011111110000
0000000000000000
0011111111111100
0000000000000000
0111111111111110
0000000000000000
0000000000000000
0000000000000000
0000000000000000
1536 bits
